              precision    recall  f1-score   support

    airplane     0.8428    0.9490    0.8928      1000
  automobile     0.8810    0.9850    0.9301      1000
        bird     0.9599    0.8370    0.8942      1000
         cat     0.8106    0.8390    0.8246      1000
        deer     0.8733    0.8890    0.8811      1000
         dog     0.9069    0.8280    0.8657      1000
        frog     0.9089    0.9280    0.9184      1000
       horse     0.9365    0.9150    0.9256      1000
        ship     0.9719    0.8990    0.9340      1000
       truck     0.9236    0.9190    0.9213      1000

    accuracy                         0.8988     10000
   macro avg     0.9015    0.8988    0.8988     10000
weighted avg     0.9015    0.8988    0.8988     10000
