              precision    recall  f1-score   support

    airplane     0.9811    0.9320    0.9559      1000
  automobile     0.9505    0.9800    0.9650      1000
        bird     0.9322    0.9210    0.9266      1000
         cat     0.8774    0.8800    0.8787      1000
        deer     0.9166    0.9560    0.9359      1000
         dog     0.9176    0.8910    0.9041      1000
        frog     0.9370    0.9810    0.9585      1000
       horse     0.9863    0.9340    0.9594      1000
        ship     0.9258    0.9850    0.9545      1000
       truck     0.9812    0.9380    0.9591      1000

    accuracy                         0.9398     10000
   macro avg     0.9405    0.9398    0.9398     10000
weighted avg     0.9405    0.9398    0.9398     10000
