              precision    recall  f1-score   support

    airplane     0.7580    0.8020    0.7794      1000
  automobile     0.8643    0.8410    0.8525      1000
        bird     0.7398    0.5460    0.6283      1000
         cat     0.6062    0.5050    0.5510      1000
        deer     0.6329    0.7550    0.6886      1000
         dog     0.6302    0.6630    0.6462      1000
        frog     0.8610    0.7370    0.7942      1000
       horse     0.7856    0.8210    0.8029      1000
        ship     0.7870    0.8940    0.8371      1000
       truck     0.7706    0.8600    0.8129      1000

    accuracy                         0.7424     10000
   macro avg     0.7436    0.7424    0.7393     10000
weighted avg     0.7436    0.7424    0.7393     10000
