              precision    recall  f1-score   support

    airplane     0.7978    0.7300    0.7624      1000
  automobile     0.8783    0.8590    0.8686      1000
        bird     0.7945    0.4370    0.5639      1000
         cat     0.5698    0.4900    0.5269      1000
        deer     0.6959    0.6340    0.6635      1000
         dog     0.5568    0.7210    0.6283      1000
        frog     0.7012    0.8450    0.7664      1000
       horse     0.7540    0.8090    0.7805      1000
        ship     0.8375    0.8710    0.8539      1000
       truck     0.7579    0.8890    0.8182      1000

    accuracy                         0.7285     10000
   macro avg     0.7344    0.7285    0.7233     10000
weighted avg     0.7344    0.7285    0.7233     10000
